# @package _global_
evolution:
  elite_ratio: 0.1
  rl_injection_interval: 10
  eval_trials: 1
surrogate:
  epsilon: 0.14610216878252746
  mad_k: 1.5129213253152038
  beta: 0.43364855632427685
  omega: 0.7004462279782091
  k: 2048
  dropout_p: 0.3401290102260771
  mc_samples: 10
rl:
  policy_noise: 0.17327654480284674
  noise_clip: 0.5932564674050416
  policy_delay: 1
